0000000000
0000000000
0000000000
0000000000
0000000000
0000000000
0000000000
0000000000
0000000000
0000000000
0000000010
0000000100
0000000110
0000001000
0000001010
0000001100
0000001110
0000010000
0000000000
0000000100
0000001000
0000001100
0000010000
0000010100
0000011000
0000011100
0000100000
0000000000
0000000110
0000001100
0000010010
0000011000
0000011110
0000100100
0000101010
0000110000
0000000000
0000001000
0000010000
0000011000
0000100000
0000101000
0000110000
0000111000
0001000000
0000000000
0000001010
0000010100
0000011110
0000101000
0000110010
0000111100
0001000110
0001010000
0000000000
0000001100
0000011000
0000100100
0000110000
0000111100
0001001000
0001010100
0001100000
0000000000
0000001110
0000011100
0000101010
0000111000
0001000110
0001010100
0001100010
0001110000
0000000000
0000010000
0000100000
0000110000
0001000000
0001010000
0001100000
0001110000
0010000000
0000000000
0000010010
0000100100
0000110110
0001001000
0001011010
0001101100
0001111110
0010010000
0000000000
0000010100
0000101000
0000111100
0001010000
0001100100
0001111000
0010001100
0010100000
0000000000
0000010110
0000101100
0001000010
0001011000
0001101110
0010000100
0010011010
0010110000
0000000000
0000011000
0000110000
0001001000
0001100000
0001111000
0010010000
0010101000
0011000000
0000000000
0000011010
0000110100
0001001110
0001101000
0010000010
0010011100
0010110110
0011010000
0000000000
0000011100
0000111000
0001010100
0001110000
0010001100
0010101000
0011000100
0011100000
0000000000
0000011110
0000111100
0001011010
0001111000
0010010110
0010110100
0011010010
0011110000
0000000000
0000100000
0001000000
0001100000
0010000000
0010100000
0011000000
0011100000
0100000000
0000000000
0000100010
0001000100
0001100110
0010001000
0010101010
0011001100
0011101110
0100010000
0000000000
0000100100
0001001000
0001101100
0010010000
0010110100
0011011000
0011111100
0100100000
0000000000
0000100110
0001001100
0001110010
0010011000
0010111110
0011100100
0100001010
0100110000
0000000000
0000101000
0001010000
0001111000
0010100000
0011001000
0011110000
0100011000
0101000000
0000000000
0000101010
0001010100
0001111110
0010101000
0011010010
0011111100
0100100110
0101010000
0000000000
0000101100
0001011000
0010000100
0010110000
0011011100
0100001000
0100110100
0101100000
0000000000
0000101110
0001011100
0010001010
0010111000
0011100110
0100010100
0101000010
0101110000
0000000000
0000110000
0001100000
0010010000
0011000000
0011110000
0100100000
0101010000
0110000000
0000000000
0000110010
0001100100
0010010110
0011001000
0011111010
0100101100
0101011110
0110010000
0000000000
0000110100
0001101000
0010011100
0011010000
0100000100
0100111000
0101101100
0110100000
0000000000
0000110110
0001101100
0010100010
0011011000
0100001110
0101000100
0101111010
0110110000
